,Region 3,IEPC,PCC,AP,GF
0,CAN,0.21493141188262022,0.19633383268910404,0.3000298432889116,0.02165458718319632
1,USA,1.336300349933111,1.1683205841852768,1.678895126634629,-1.0276035266414072
2,MEX,-0.12147664273074879,-0.11242111823561829,0.0655902330904434,-0.048867080329547515
3,RCAM,0.11109063390208049,0.12280407148515168,0.32617777907114565,0.24249343492628803
4,BRA,-1.2688153343018966,-1.2621627992574787,-1.545125176232642,-1.7200057628382495
5,RSAM,-1.4646944360805414,-1.449370007938142,-1.460019748795252,-1.626488548658224
6,NAF,0.5953168781258935,0.6122645389908772,0.6622758810336434,0.9684866269154937
7,WAF,-3.4070936305150648,-3.3108790305330964,-3.5305499380979493,-0.7977239388787094
8,EAF,-1.373817088514084,-1.2709604051480314,-0.8486095670639815,0.6371347878492117
9,SAF,-0.015698328089197803,-0.0243790826881126,-0.1845811536331573,-0.17789996412417897
10,WEU,1.81590547168,1.770911818001329,2.7288791409896542,1.0989831775400716
11,CEU,0.13024258613088532,0.12441456940910392,0.2297674549635485,-0.09307168181046846
12,TUR,0.2467236174406358,0.24266048453100145,0.2990156890038032,0.25616304991497846
13,UKR,0.16181325524710147,0.15277881706955448,0.04957012453444718,0.01918606762628808
14,STAN,0.4147150819618912,0.40012309778580657,0.2583242088255837,0.30069052673461466
15,RUS,1.2397001507651195,1.1556529035259244,0.948353004065159,0.3681712666709908
16,ME,1.6753751747588284,1.6287210354290953,0.9281436556555761,1.5999278228951233
17,INDIA,-1.117193971638984,-0.8656450399219856,-1.5399867870085195,2.3342988822398523
18,KOR,0.16707551370992918,0.14318184980489404,0.20183557846628714,-0.21454508829910196
19,CHN,0.1812680520382525,-0.03343828232263773,1.0499339939679846,-4.709273566602197
20,SEAS,0.18276780323948608,0.2034028345460682,-0.08101600708497668,0.525007389352299
21,INDO,0.0980494833887286,0.0880217508189624,0.008784455663566986,-0.23129125959009833
22,JAP,0.11431664319400303,0.09795696287373754,0.2222018980346345,-0.35399189090521266
23,OCE,-0.11126503854958508,-0.11867428158041599,-0.053199039481136634,-0.22068385377708213
24,RSAS,-0.200176549718654,-0.06324768689764637,-0.7503151651668328,1.8382107803913426
25,RSAF,0.39463891274017937,0.4036285833772684,0.035624515275417365,1.0110377622147178
