Region,2020,2025,2030,2035,2040,2045,2050,2055,2060,2065,2070,2075,2080,2085,2090,2095,2100,2105,2110,2115,2120,2125,2130,2135,2140,2145,2150
CAN,0.0,0.00012254870049291226,0.00923221148133488,0.01101475339325764,0.013453362195507683,0.015030854382242878,0.016691035525215933,0.02011384573673476,0.024931391987860204,0.029737742002338453,0.033565017938784025,0.035799893271953355,0.037046187103266875,0.03836548670652535,0.04066159983065712,0.04455483575075269,0.049019773360984516,0.039466731134615636,0.041872738125404665,0.043924416369344826,0.045622967071352126,0.046889037445881764,0.04774735462965573,0.048244767743303,0.04841641913079691,0.048275220133575054,0.04776777555924798
USA,0.0,-0.014763596326289714,0.041611956587698874,0.09507769503126562,0.11774034761429554,0.1437199242901021,0.1729343241117699,0.2060870404365442,0.24072708352466402,0.27358591544890176,0.3045783551952479,0.3353675365640527,0.3698877609487914,0.4116637641036786,0.4565241716070553,0.49772528907012353,0.5330097940588859,0.4568981628152982,0.46106003142795104,0.4630981539419434,0.46335586398204565,0.46250529564191484,0.4605581719272103,0.45744147153921255,0.4533050962774807,0.44824702010176837,0.44203156344375716
MEX,0.0,0.0010906981258870724,0.017847281121626563,0.02279825890309497,0.02864684997434333,0.03389454495697186,0.03905511739273328,0.04540528384917163,0.05313353701633015,0.061790957460836335,0.07033653769045796,0.07769451415205036,0.084176514367362,0.09063048635273666,0.09792864688055763,0.10662284956917653,0.11545763482722256,0.10062667415471309,0.10244813498468065,0.10374388528899584,0.10457954969035937,0.10499138916619946,0.10500512470240707,0.10464936744066147,0.10396645420758283,0.10297910667876327,0.10161782795463434
RCAM,0.0,0.0014336487416886103,0.008335306456897012,0.010454774088979445,0.013160153779881887,0.01682612940054721,0.021871633920386685,0.028607918479775438,0.03655973485384749,0.04476263513784314,0.052659606146482664,0.05998238674303433,0.06701802392336752,0.07415584220843303,0.0811027417862481,0.08737467426671469,0.09283662462551456,0.07796954126507065,0.07966163028370866,0.08077530400554847,0.08141873668283689,0.08175424456023588,0.08178752099134284,0.08150877586409233,0.08095516618690181,0.08015236720146517,0.07903406932800906
BRA,0.0,0.0008251265951184966,0.024199022316015437,0.10999849195278322,0.159807817423959,0.1925061623509911,0.21259297017323722,0.21526025326736986,0.20762435355466236,0.20374192596824695,0.21856107277455827,0.2609195126649095,0.3008159210251842,0.30319263130356566,0.2908167985216983,0.29906203936701914,0.31808725637356694,0.2740470086870107,0.2668203559781533,0.2602975859466798,0.2543719109073621,0.24878510994403646,0.24353719912990687,0.23867082048267502,0.2341639416829455,0.22997689387433895,0.22610228396664825
RSAM,0.0,0.004568925551105849,0.035336541158801395,0.09213256581971663,0.11192837356409945,0.1471518540644591,0.1839197097287399,0.20107726148170624,0.20937162730186343,0.23059071088139538,0.26469516597593873,0.3028298034827039,0.33659746749838537,0.3595595238611536,0.3779398371913212,0.40021211667921186,0.422371519694906,0.37555129351262306,0.36658086296580666,0.35828749041377644,0.35059828134781607,0.34338997903936425,0.3366222916109679,0.33028343285153317,0.3243396918618787,0.31875410921637726,0.31349102203960155
NAF,0.0,0.009932403813604627,0.011484658035468352,0.013535294397827517,0.015979421545627294,0.01830770751271088,0.021280281369243547,0.025943074340556833,0.03200156382713765,0.038474175029406414,0.04464560663129571,0.050090085491202085,0.05544663858086175,0.06159372114686395,0.06839003006149338,0.0752932791620761,0.08173982249025132,0.048804980509529,0.060059132222523674,0.06937825676754214,0.07683311358499188,0.08272212061583566,0.08703243915387318,0.08972894606060716,0.0909588155135313,0.09082107949094387,0.08910035161135017
WAF,0.0,0.06615358635043224,0.1430974798976557,0.149882429755461,0.14407681265127992,0.16469133587286705,0.18759853333869164,0.17589140414134524,0.16375622164593767,0.20477357910462313,0.29308562597805143,0.4021015755118605,0.5247509415792363,0.6601338430540367,0.8073664164541108,0.9643191466921729,1.1267358664387501,1.1276907554812932,1.1894316840735546,1.236954226005752,1.2724619749978467,1.298832514989706,1.3164589935773487,1.3253795582686452,1.3265609592437475,1.3205762024756065,1.306126770517938
EAF,0.0,0.01120846589218076,0.021680505350883478,0.026554855395726402,0.028585805757637126,0.03106170275710091,0.03499616229403632,0.04088939909876635,0.04996311412153588,0.0639121047204662,0.08512599143693586,0.11606606564971818,0.1578238677216387,0.20964408735301832,0.26451559513504497,0.31477075716088176,0.36252216241079427,0.32211692554545607,0.35803947949913045,0.3863508498100372,0.4081796922148973,0.4253963726444745,0.4381282015821717,0.44626617948977054,0.4503076380302881,0.45059211011515066,0.4464636158762408
SAF,0.0,0.002348465006216185,0.018850156022375733,0.023719887491371557,0.028181430494906887,0.03463997453249249,0.04266539718489549,0.05107764916772316,0.05917561005837354,0.06640255760715894,0.07279334682619146,0.07870998560322509,0.08454706821540979,0.09062648011949126,0.09674349805050507,0.10243705329468786,0.10709827407021315,0.09265938486854802,0.0906115815957921,0.08862379566520903,0.08670963917236665,0.08487990063714712,0.08313014148031461,0.0814561788219898,0.07985798431587565,0.07833084357657169,0.0768621797541065
WEU,0.0,-0.0042083072390272525,0.037618787397415004,0.040354881270068976,0.049151309940684715,0.06118148685603425,0.07680775297364686,0.09597354890095113,0.11605239349049686,0.13359722579286437,0.1501900142249763,0.16870712248544323,0.18686323160769625,0.20151764060866525,0.21597224860359715,0.23458107127065878,0.25408106000240993,0.19090073350349115,0.20467478165482536,0.21651757723448586,0.22646766373728733,0.23413563804332707,0.2396383191525902,0.24320689166306472,0.2450246715643731,0.24515291992959584,0.2432839643407222
CEU,0.0,-0.00021002213832028364,0.01584970189426572,0.018706127719807366,0.023076014832839883,0.027665098822199176,0.032610545248700204,0.03836191188281477,0.04429489442637947,0.04937707424471183,0.05351558421135004,0.05690277991125597,0.05922652556950185,0.0602627742808865,0.06118728730387077,0.06329640844134064,0.06548264516142868,0.05869528493957071,0.05469221746215489,0.051317891301212705,0.04848455090402376,0.045949327362537686,0.043715377749067245,0.041823612400712334,0.04024229952210127,0.038937349726859645,0.03793072185517732
TUR,0.0,0.00606729415396969,0.008878369615551834,0.010335431002121476,0.012238855364712125,0.014487728733205401,0.01738747508204576,0.021192486908226876,0.025508413696577057,0.029633471974811552,0.03343375315001078,0.03705604416082428,0.0408090675706676,0.04489602730223864,0.04861986371490108,0.05111745009682249,0.05250430647423858,0.04830513585859471,0.04526000808110452,0.04243002373110394,0.03984865612688059,0.0376109939350462,0.03568666356954378,0.03402799269242767,0.0326122594441559,0.031427107095233435,0.030479101461179853
UKR,0.0,0.000912168719463121,0.011704185586459501,0.014977231328847514,0.018944181005029412,0.02198715592316839,0.02479362449838225,0.028731763496262806,0.032876237530472516,0.03561802320100461,0.03744190878715374,0.03944229557913782,0.04167734292707415,0.043946513989939734,0.046377279936766276,0.04905987658053374,0.05146549615712952,0.0435999929365603,0.04285910437747717,0.04213394984615659,0.04143095209467758,0.04072521959071572,0.04002260264241098,0.03933550731401604,0.03866766653485862,0.03801716023409502,0.03737541864775889
STAN,0.0,0.00706483206526824,0.008280415555839932,0.009365198248746986,0.010673652141366214,0.011731182346794357,0.013267863869878514,0.01621356271478243,0.019489349820574597,0.021509476920047302,0.024083894594095007,0.029643396939512748,0.035987195345694514,0.039620241378235305,0.0413380888940982,0.043082728563849745,0.04464177368677247,0.03955286120331049,0.037280483293429145,0.03532917258030263,0.03366611032747173,0.03215033481552122,0.030787373138121923,0.029605898736471493,0.028591612993501124,0.02772428654881319,0.02700750445191533
RUS,0.0,0.014345401089862864,0.03131976775721178,0.03520328799884262,0.04158671873741636,0.04833335768833219,0.055590354963163294,0.06396717724178365,0.07359822655735895,0.08402570404465023,0.09278911330061479,0.09737136908066193,0.10086893947381492,0.10745607282238415,0.11522782186230954,0.12067271154058012,0.1234836141895285,0.11694354310993493,0.10704827725062241,0.09817437133844152,0.09033486904240266,0.08362099337014854,0.07795687438672269,0.07324009976331247,0.0693826733824612,0.06633150709005745,0.06414324885221998
ME,0.0,0.012742182709253768,0.044508804688230034,0.05501515380825936,0.06998190973483223,0.08627526868246957,0.10474989584926511,0.12728450137751424,0.1524392136450038,0.17729650461688004,0.20112603554162342,0.22444291170920405,0.24945551799671,0.2782068272383972,0.30801461725559315,0.33492956754404185,0.35821400894805977,0.2782192647568733,0.2955528435199199,0.3090252162564743,0.31913238420415163,0.3268626137902694,0.33222699529386057,0.3351155587365951,0.3357845535632109,0.33440214206500385,0.3305489508127263
INDIA,0.0,0.053359416452056864,0.1241309600402673,0.16467525220164975,0.2142448780883857,0.2797366594202635,0.3615662693390549,0.4579011114501145,0.5687054593648868,0.6914281765972793,0.8153064655541432,0.9289067308526142,1.036751743288296,1.1462835547021843,1.2487354421802848,1.3316067187016065,1.3943995567581355,1.204055515935763,1.1858352023849543,1.1653251363094457,1.1434552876089477,1.1217800986614745,1.1002397983523033,1.0785420585707235,1.0568504351405839,1.0352570491262978,1.0134128099268036
KOR,0.0,0.002880730963330902,0.018398704471644496,0.020535354980974623,0.023431635204329122,0.02631621771853409,0.029271329567885918,0.03237636637107448,0.03535289940527089,0.037809212349190165,0.03944212866257526,0.040102935515782825,0.04022798958728961,0.040395057811305736,0.04086588264069273,0.04168074954035005,0.04215919611953359,0.039528369463937424,0.03505358589687823,0.03126072359225113,0.028070091442246863,0.02531469870152649,0.0229792113861554,0.021069679267192404,0.01954127802993274,0.018357552775060404,0.017549910068765842
CHN,0.0,0.05357478835124427,0.35426930375036747,0.41329773251307095,0.48269489881263494,0.5501790781263773,0.6156787980235247,0.6788890912710239,0.7323457821293555,0.7679295799530401,0.7828371961073965,0.7783476672133898,0.7654526953481295,0.7574103444875193,0.7580685349873819,0.7660404788418615,0.7679118942291868,0.6570865017333392,0.5941865315318828,0.5402889460787733,0.49447617751099415,0.45460288251646586,0.4205498673651858,0.39249044822586576,0.36987265340622144,0.35224242482125134,0.34012420869653004
SEAS,0.0,0.024836692053395722,0.06196839243756232,0.07685775870006523,0.09008877768083345,0.10169803873205718,0.11580187286968015,0.13724739269352998,0.16299560492969595,0.18755257166645925,0.21331540733765725,0.24370606986835816,0.2712432780805268,0.2877915088358963,0.3023632478603653,0.32632315353502334,0.3535939473895677,0.2989597475507844,0.305358719419705,0.30997426307060594,0.31292419063623333,0.31389379730579214,0.3130654720767485,0.3107131675831622,0.30703911659419625,0.3021248580315776,0.2957455601454974
INDO,0.0,0.00781948111106308,0.053820628691771955,0.0650087699349259,0.0763041117003945,0.08482980852571471,0.09335906051281262,0.1063868294765244,0.12339551790031277,0.14152575834613856,0.15784294717037692,0.17016581184244772,0.18101692188894977,0.19383387699273233,0.20756897921211293,0.2198175957471945,0.2293634650437814,0.19811382499019145,0.19316990871219913,0.18812532427686515,0.18308979228828431,0.17818198463299612,0.1734106950477229,0.1687709925651828,0.16428317260877676,0.1599531784538791,0.155749086663081
JAP,0.0,-0.002392463812188766,0.008384630534648031,0.02682944843681342,0.03172020272506798,0.03726178341537234,0.04356852861103915,0.0507737734052893,0.058032555879695115,0.06406985497821491,0.06850730860869672,0.07157089278521928,0.0743829131361961,0.07811219365773361,0.08221116790044615,0.08560305788287036,0.08772632618701415,0.07560521577776314,0.07144522202403372,0.06767634843383454,0.06429230243538832,0.06125522688635836,0.05856229503146171,0.056216298684467675,0.05419632268045191,0.052485710279793756,0.05111351539968294
OCE,0.0,-0.0009730253215117175,0.0019358208319976882,0.015297342666039895,0.021148702685195423,0.026454376641625834,0.029922089440113216,0.0312569997761944,0.033529189126477475,0.04046003695954377,0.04816331552434337,0.05080555413619561,0.05157388205699757,0.055971250562090694,0.06276388246258426,0.06878770566214462,0.07372762337561188,0.06649292613725778,0.06643763419628561,0.0661811733415439,0.06576259671252233,0.0652674971948234,0.06469238163371112,0.06402224746078336,0.06327051428105958,0.062446405427150194,0.06152388351035636
RSAS,0.0,0.011714420891924681,0.02085907394169714,0.02975025446915195,0.04071348100235099,0.05506824360140088,0.07439882824442666,0.10025450455799162,0.13169852885053282,0.16666987122931873,0.20568046328210762,0.25010402064992754,0.3002413539610848,0.3560066433294459,0.4167423226600051,0.48092387017851135,0.545670058486183,0.4386699626236612,0.49626619740085204,0.5432744243242966,0.5807587957628707,0.6105982894469331,0.6329983343622522,0.6479877369185522,0.6563310439953388,0.6585091882156623,0.6534835227803539
RSAF,0.0,0.0009203064997778969,0.026381334376312543,0.0460088684911303,0.06619179534238868,0.0667034246459665,0.056785245867431534,0.051351848476228354,0.05390559535469678,0.06527485376462859,0.08408933734893592,0.10758473813531501,0.13252271119786557,0.1562819057908415,0.18030549700629842,0.20658071485979396,0.23420159944032884,0.17034446150481053,0.20425945163697026,0.2327931940693776,0.25623594951374434,0.27536083906126674,0.29013210002694156,0.3004639108549807,0.30673315980774823,0.30916660731510853,0.30707653233569376
