,Region,2020,2025,2030,2035,2040,2045,2050,2055,2060,2065,2070,2075,2080,2085,2090,2095,2100,2105,2110,2115,2120,2125,2130,2135,2140,2145,2150
0,CAN,0.511577,0.3844428731242705,0.2961801522701059,0.2705485253593089,0.2539174033387458,0.2382531899287612,0.2225318057636316,0.2072231908662753,0.193133023954224,0.1798517521374025,0.1662236742758127,0.1518482748794195,0.1374879382146902,0.1240921407702669,0.1117716785137877,0.1003129480028913,0.0902257197731422,0.1203261927301679,0.1203260469656511,0.1203258761105208,0.1203258617730273,0.1203258522146984,0.1203257721636932,0.1203257530470353,0.1203256789699858,0.1203256538793723,0.1203255941398162
1,USA,5.393819999999999,4.053379369899649,3.122780009495233,2.852532555321188,2.6771820634559296,2.512026187458684,2.346267530721654,2.1848609131339627,2.036301020696343,1.896269726187386,1.7525818767895436,1.6010146312482985,1.4496061998509713,1.308367402618728,1.1784664185474296,1.057651116443772,0.9512962698220798,1.2686610712988158,1.2686595344283822,1.268657733014677,1.2686575818470935,1.268657481068704,1.2686566370496954,1.268656435492917,1.268655654460402,1.268655389917131,1.2686547600521985
2,MEX,0.572878,0.4305097067883933,0.3316706835377543,0.3029676825009532,0.284343694477848,0.2668024773201471,0.2491972387778531,0.2320542306184408,0.2162756740370423,0.2014029404390167,0.1861418438901261,0.1700438761249472,0.1539627760211176,0.1389617934742746,0.1251650008573913,0.1123331991586807,0.1010372434495651,0.1347445812436312,0.1347444180125148,0.134744226684239,0.1347442106287194,0.1347441999250396,0.1347441102817216,0.134744088874362,0.1347440059208439,0.1347439778236845,0.1347439109256859
3,RCAM,0.302334,0.2271997208692987,0.1750378342975353,0.1598899439692974,0.1500612111588605,0.1408039062036059,0.1315128142268745,0.1224656624268966,0.11413859431557,0.1062895705450195,0.0982355898300814,0.0897399537848543,0.0812532195782847,0.0733365129543311,0.0660553125957333,0.059283382211292,0.0533219882087998,0.0711108966057555,0.0711108104612075,0.0711107094884997,0.0711107010152654,0.0711106953664426,0.0711106480575515,0.0711106367599059,0.071110592981529,0.0711105781533691,0.0711105428482265
4,BRA,1.57743,1.1854163133847266,0.9132612638868308,0.8342270281062962,0.782945538107925,0.7346454773950469,0.6861691326344334,0.6389655476461781,0.59551900491248,0.5545666622504587,0.5125449551346041,0.4682189078927373,0.4239393060634056,0.3826338275865454,0.3446441079993905,0.3093115084693036,0.2782078888256271,0.3710216569516394,0.3710212074917894,0.3710206806658996,0.371020636456734,0.3710206069839569,0.3710203601494491,0.3710203012038949,0.3710200727898729,0.3710199954238332,0.3710198112189765
5,RSAM,1.38348,1.0396656341273471,0.8009729074267339,0.731656180524333,0.6866799116674286,0.6443184959500576,0.6018024708653226,0.5604027157195782,0.522298062618511,0.4863809398136617,0.4495259342916148,0.41064991453912,0.3718146295890152,0.3355877901329592,0.3022690265400028,0.2712806817019533,0.2440013503182255,0.3254033725486734,0.3254029783513314,0.3254025163003485,0.3254024775268394,0.3254024516778333,0.3254022351924078,0.3254021834943956,0.3254019831645989,0.3254019153109581,0.3254017537546703
6,NAF,0.583268,0.4383176446975667,0.3376860278204066,0.3084624548978421,0.2895006929760009,0.2716413395898735,0.2537168036955178,0.2362628814238926,0.2201981571019267,0.2050556842189514,0.1895178048417047,0.1731278763360536,0.1567551214120375,0.1414820735935979,0.1274350554919004,0.1143705298630518,0.1028697050896368,0.1371883759069301,0.1371882097153731,0.1371880149170726,0.1371879985703621,0.137187987672555,0.1371878964034213,0.1371878746078072,0.1371877901498029,0.1371877615430594,0.1371876934317656
7,WAF,1.817,1.3654497768015366,1.0519615554936648,0.9609241044414903,0.901854309061004,0.846218743416063,0.7903801208273998,0.7360075566415659,0.6859626303075104,0.6387907072320694,0.5903870114550729,0.539329007081838,0.4883245019539427,0.4407458110500961,0.3969864553323395,0.3562877661060869,0.3204603272387138,0.4273700580571744,0.4273695403362312,0.4273689334993879,0.4273688825760165,0.427368848627102,0.4273685643049447,0.427368496407116,0.4273682333030302,0.4273681441871302,0.4273679320064157
8,EAF,0.283526,0.2130657751334246,0.1641488453400642,0.149943295341705,0.1407260015579693,0.1320445874770405,0.1233314882430981,0.1148471538273839,0.1070381071659698,0.0996773660201869,0.0921244181672047,0.084157290072584,0.0761985100390718,0.068774296545839,0.0619460548896846,0.0555954018563535,0.05000486226785,0.0666871343317107,0.0666870535461586,0.0666869588548967,0.0666869509087769,0.0666869456113636,0.0666869012455276,0.0666868906507011,0.0666868495957484,0.0666868356900386,0.0666868025812058
9,SAF,0.507151,0.3811167967829808,0.2936176966594208,0.2682078263575158,0.2517205914664817,0.2361918998030818,0.22060653200756,0.2054303623325959,0.1914620990220606,0.1782957325060271,0.1647855603998083,0.1505345323448328,0.1362984367036015,0.1230185353989363,0.110804665827326,0.0994450725748311,0.0894451158059664,0.1192851691325008,0.1192850246290919,0.1192848552521453,0.1192848410386953,0.1192848315630619,0.1192847522046323,0.1192847332533656,0.119284659817207,0.1192846349436694,0.1192845757209607
10,WEU,3.13174,2.353458274078396,1.8131370840956136,1.6562269977124895,1.5544156377868514,1.4585234383631378,1.362281254595488,1.268565935848463,1.182309635574707,1.1010051785729011,1.017577666072818,0.9295752474620116,0.8416650389373918,0.7596594861298999,0.6842368528467261,0.6140895149284957,0.5523381536745018,0.7366053415630026,0.736604449230924,0.7366034033007008,0.7366033155303324,0.7366032570167533,0.7366027669655298,0.736602649938372,0.7366021964581354,0.7366020428599908,0.7366016771501224
11,CEU,0.784933,0.5898660372339904,0.4544410234663229,0.4151133957466,0.3895956017469351,0.3655613742024218,0.3414394272875142,0.3179508087272065,0.2963317035196285,0.2759537183267969,0.2550436147839651,0.2329868659965703,0.2109532285592812,0.1903995221271244,0.1714957453733513,0.1539141580148316,0.1384369213211146,0.1846212778101222,0.184621054157809,0.1846207920079664,0.1846207700093783,0.1846207553436528,0.184620632518202,0.1846206031867511,0.1846204895273789,0.1846204510298495,0.1846203593690654
12,TUR,0.435783,0.3274847551369862,0.2522988236310928,0.2304647160186163,0.2162976204543376,0.2029541786802873,0.1895620364306696,0.1765215085613272,0.1645189063969717,0.1532053554043549,0.1415963803043071,0.1293508050044824,0.1171180607787534,0.1057069519960616,0.0952118593638376,0.0854508264045178,0.0768580972950294,0.1024989576281396,0.1024988334597379,0.1024986879180868,0.1024986757048014,0.1024986675626111,0.1024985993717676,0.102498583087387,0.1024985199854124,0.1024984986121629,0.1024984477234737
13,UKR,0.403864,0.3034980785130302,0.2338191533560228,0.2135842886715234,0.2004548644329187,0.1880887653225013,0.1756775328111376,0.1635921606249253,0.152468691098796,0.141983803074063,0.1312251293309254,0.1198764832779853,0.1085397284849351,0.0979644283070644,0.0882380505208255,0.0791919660818209,0.0712286128783356,0.0949914040325826,0.0949912889589167,0.0949911540774886,0.0949911427587673,0.0949911352129532,0.0949910720167596,0.0949910569251312,0.0949909984450715,0.0949909786373093,0.0949909314759708
14,STAN,0.485141,0.3645765933776963,0.2808748932271612,0.2565677935899004,0.2407960932042732,0.2259413359381464,0.211032362244538,0.1965148277581981,0.1831527773417808,0.1705578219577729,0.1576339819066183,0.1440014385386295,0.1303831795280339,0.117679616686106,0.1059958205428654,0.0951292257217793,0.0855632601083747,0.1141082759140977,0.114108137682036,0.1141079756559309,0.1141079620593347,0.1141079529949372,0.1141078770806082,0.1141078589518132,0.1141077887027327,0.1141077649086893,0.114107708256205
15,RUS,1.8782,1.4114407103955129,1.0873936122884984,0.9932898475299984,0.9322304696083532,0.8747209927815353,0.8170016196686971,0.7607976845812819,0.7090671503817094,0.6603063876297595,0.6102723637396357,0.5574946291145338,0.5047721956906414,0.4555909643997196,0.4103577107348378,0.3682882126034411,0.3312540377654113,0.4417646907226115,0.4417641555638468,0.4417635282875897,0.4417634756490227,0.4417634405566445,0.4417631466579786,0.4417630764732226,0.441762804507293,0.4417627123898007,0.4417624930624381
16,ME,2.00627,1.5076835023134945,1.1615404017282749,1.061019924610803,0.995797052636115,0.9343661410860457,0.8727110209204115,0.8126746729021875,0.7574167563605112,0.7053311129325724,0.6518853877115957,0.5955088646329549,0.5391914136131738,0.4866566308945935,0.4383390290256538,0.3934009116706984,0.3538414643528974,0.4718875764327834,0.4718870047828127,0.4718863347340766,0.4718862785062106,0.4718862410209665,0.4718859270820482,0.4718858521115602,0.4718855616009194,0.471885463202154,0.471885228919379
17,INDIA,2.77719,2.087018968428981,1.607868526307898,1.4687225171237546,1.3784374070341934,1.293401338485226,1.2080549079585283,1.1249492714526088,1.048458204327856,0.9763583732624276,0.9023758416856982,0.8243363374670387,0.7463786040624492,0.6736570495268114,0.6067731501840506,0.5445673203919447,0.4898069434254725,0.6532129067340694,0.6532121154245338,0.6532111879059797,0.6532111100722549,0.6532110581831049,0.6532106236114746,0.6532105198331748,0.6532101176922633,0.6532099814832449,0.6532096571760581
18,KOR,0.784572,0.5895947508446534,0.4542320206476476,0.4149224801705388,0.3894164221071052,0.3653932481890079,0.3412823952436956,0.3178045793777582,0.2961954170531778,0.2758268039375229,0.2549263171994108,0.2328797125724886,0.210856208666488,0.1903119551277908,0.1714168724452418,0.1538433710673554,0.1383732525384327,0.1845363682939094,0.1845361447444566,0.1845358827151798,0.1845358607267091,0.1845358460677285,0.1845357232987667,0.1845356939808056,0.1845355803737067,0.1845355418938828,0.1845354502752546
19,CHN,11.3913,8.560400683808114,6.59505210076774,6.024311915753631,5.653986235997036,5.3051907385115005,4.955122218151436,4.614244843132124,4.30049868498731,4.0047642175523785,3.7013074097898575,3.3812099715857675,3.061447935667555,2.7631633227380075,2.488823229844402,2.2336713428972303,2.009058737300144,2.6793068477417123,2.6793036019989604,2.679299797562784,2.679299478309398,2.6792992654738077,2.6792974829757386,2.6792970573045576,2.679295407828733,2.679294849135309,2.679293518912869
20,SEAS,1.5141700000000002,1.1378773189540907,0.876636559428642,0.8007718498746128,0.751546912025812,0.7051838385901487,0.6586515506622037,0.6133409807594716,0.5716367836723847,0.5323267612380752,0.4919902592927505,0.4494418286478297,0.4069379808055044,0.3672889844346307,0.3308227743921677,0.2969071253741627,0.2670508605916584,0.3561424990690324,0.3561420676339633,0.3561415619354806,0.3561415194992443,0.35614149120842,0.3561412542727673,0.3561411976911188,0.3561409784372313,0.3561409041738178,0.3561407273561665
21,INDO,1.63506,1.2287244425190538,0.9466264507019656,0.8647047695146413,0.8115497559566787,0.7614850955475332,0.7112377107099881,0.6623095847894105,0.617275761315684,0.5748272612916167,0.5312703285359006,0.4853248686401926,0.4394275509987967,0.3966130136574409,0.3572353735034095,0.3206119289209788,0.2883719662382671,0.3845766027115925,0.3845761368311273,0.3845755907581228,0.3845755449338148,0.384575514384276,0.3845752585318893,0.3845751974328119,0.3845749606738869,0.3845748804813478,0.3845746895467309
22,JAP,1.06462,0.800046858215989,0.6163672598842407,0.5630264282171158,0.5284161444757985,0.4958180509717165,0.4631009819676755,0.4312429086140583,0.4019204928332315,0.3742814324344555,0.3459206494965876,0.3160046491576589,0.2861199951954906,0.2582426006384993,0.2326030380164641,0.2087567867649214,0.1877647075315792,0.2504054547104177,0.2504051513664053,0.2504047958074399,0.2504047659703239,0.2504047460789133,0.250404579488349,0.2504045397055277,0.2504043855470952,0.2504043333321423,0.2504042090108256
23,OCE,0.388396,0.2918740954929056,0.2248638746876816,0.2054040057615063,0.192777438757324,0.1808849615122868,0.168949079476543,0.1573265773083971,0.1466291369074935,0.1365458203225684,0.1261992040182193,0.1152852113563882,0.1043826545189342,0.0942123885683066,0.0848585312632137,0.0761589120553328,0.0685005554530586,0.0913532311883182,0.0913531205219762,0.0913529908065097,0.0913529799212958,0.0913529726644864,0.0913529118887084,0.0913528973750898,0.0913528411348176,0.0913528220856932,0.091352776730635
24,RSAS,0.417044,0.3134026619242818,0.2414497825807925,0.2205545581798002,0.2069966584854361,0.1942269948427124,0.1814107248818614,0.1689309496158642,0.1574444684611807,0.1466174087544805,0.135507628401359,0.1237886221405823,0.1120818952079692,0.1011614727702676,0.0911176770928014,0.0817763759647479,0.073553140733595,0.0980914245968058,0.0980913057677398,0.0980911664844902,0.0980911547963853,0.0980911470043154,0.0980910817457299,0.0980910661615901,0.0980910057730484,0.0980909853188649,0.0980909366184279
25,RSAF,0.7865280000000001,0.5910646571536373,0.4553644569726589,0.415956914704544,0.390387268022638,0.3663042024334337,0.3421332392262703,0.3185968913099491,0.2969338556359414,0.2765144619580766,0.2555618686547802,0.2334603001002002,0.2113818898584648,0.1907864178721023,0.1718442282551648,0.1542269147495258,0.1387182279925212,0.1849964320438048,0.1849962079370254,0.184995945254489,0.1849959232111993,0.1849959085156727,0.1849957854406382,0.1849957560495851,0.1849956421592547,0.1849956035834976,0.1849955117364568
0,CAN,21.904333092675,10.334914811346383,4.935821658705453,3.1197435729841225,1.870051637400712,0.8762968660056281,0.0959603598129864,0.0908827745691096,0.0862936021662836,0.0818770773147315,0.0770712892444373,0.071661039153705,0.0659846643811484,0.0604835469815184,0.0551567905343554,0.0499073689451957,0.0451800537588947,0.0607019743879739,0.0611707117777333,0.0615822943684984,0.0619389768955192,0.0622583773570307,0.0625361432153069,0.0627644797763422,0.0629446342287738,0.06307733733086,0.0631521547130304
1,USA,230.94867424049997,108.92451182190152,51.973032452101954,32.796168267648355,19.590448985458607,9.083082403442347,0.8268934269210472,0.7770940267432389,0.7336188183388822,0.6936379560492074,0.6515649920451992,0.6049302605075163,0.5565603465715285,0.5103485788527544,0.4667772025521018,0.4250968086173338,0.3879931778618158,0.5253509260009472,0.5331099444741517,0.540072591587541,0.5462291780274634,0.5517012930101125,0.556426181597175,0.560321401532822,0.5634026555928323,0.5656708464573432,0.5669454032049287
2,MEX,24.52907486745,11.630853826496974,5.615468138120884,3.613502820711729,2.242612536125534,1.152980388040229,0.2964436825196715,0.2740237539474497,0.2535885067877654,0.23478861387019,0.2161247099796994,0.1970082154576873,0.1782032138202461,0.16077013944521,0.1448682551443401,0.130228416882481,0.1173946581963219,0.1568905397887202,0.1571909445731521,0.157469351422225,0.1577207734727602,0.1579426664539417,0.158132578184162,0.1582901280421866,0.1584143561157829,0.1585059929228846,0.1585572830630924
3,RCAM,12.945118019849998,6.15706122806905,2.992268023774162,1.9458019554181547,1.231370186791534,0.6637716766263356,0.2175220786381403,0.2006921502949316,0.1854030723078622,0.1713312480160694,0.1573170921706442,0.1429250420513054,0.1288141273209681,0.1158252384234651,0.1040257514868381,0.0931766814200742,0.0836684560451188,0.1113718461574519,0.1111553115512934,0.1109644537197654,0.1107986842494128,0.1106504168592107,0.1105215742533351,0.1104154765233356,0.1103318968212525,0.1102702348290813,0.1102354841425521
4,BRA,67.54125410325,31.931055246277065,15.313923880213215,9.743740534504656,5.914225031905524,2.865957996052221,0.4674720617207092,0.4274382657680419,0.3909128508989297,0.3570934723463543,0.323590785385678,0.2896615787602402,0.2569448744728711,0.2272938883801931,0.2008450054598485,0.1770448929708813,0.1563735736499016,0.2044840913127837,0.2004829512104183,0.1969000209004643,0.1937386690253458,0.1909270285906615,0.1884969007477545,0.1864940350281731,0.1849111596965419,0.1837446015552235,0.1830891025839559
5,RSAM,59.236843617,28.03055863880522,13.472508664631846,8.605427633210166,5.265220635384069,2.609067208308294,0.5212404774792379,0.4825776206848378,0.4472106032498061,0.4142096909155685,0.3807985930994511,0.3460049484732302,0.3116177156363423,0.2798211729248259,0.2508440944884834,0.2241527994827399,0.2007453964279837,0.2664878098955139,0.2652746737381898,0.2641885804432301,0.2632309313136631,0.2623789494424592,0.2616418120004323,0.2610353807141759,0.2605550686999306,0.2602015829486434,0.2600033824160973
6,NAF,24.9739463547,11.889284822287287,5.7920277863414125,3.783341553160575,2.416152932073486,1.3324850765777685,0.4825393896806267,0.4497445906929309,0.4191292221791683,0.3899386213102255,0.3597470774113506,0.3278232511904795,0.2961245282865233,0.2668826898815509,0.2402038774604809,0.2154836551049342,0.1937473090276602,0.2582793592406821,0.2581700943798895,0.2580732101805362,0.2579911230867681,0.257915611091274,0.2578517071017371,0.2577975877960059,0.2577559934919775,0.2577243124068072,0.2577076654012246
7,WAF,77.79898867499999,37.00912648814979,18.03558689344936,11.82724101525409,7.64593341724787,4.371273047033995,1.8400679554356176,1.7967612402910118,1.7503787469471337,1.7000035086942449,1.6349884012093592,1.550457285650065,1.45396110428605,1.3561798435451875,1.2591408330083034,1.1618875623238605,1.0738281409550363,1.472613526569124,1.5124645854023748,1.548180203223917,1.5797304339181126,1.607781990535183,1.6320250455097465,1.6519954739476177,1.667795176621646,1.679432140346416,1.685961204931835
8,EAF,12.139810711649998,5.95802431162343,3.112287674789574,2.2749823723507454,1.7561352455765975,1.37169304697456,1.0919167834341608,1.058840695642283,1.0250148362358682,0.9891271904352832,0.9451987495244226,0.8908070450980966,0.8303105468715889,0.7697437615365983,0.7102633266530677,0.6513205855467731,0.598167244440591,0.8152147809431107,0.8324797950657585,0.8479307617023454,0.8615642624383383,0.8736906057650679,0.8841697734835007,0.8928057342586916,0.8996360724904793,0.9046648847109018,0.9074910862582628
9,SAF,21.714823833525,10.257444495733012,4.910853182587539,3.1160827801973507,1.8817489849721816,0.899699421719048,0.1277911732751328,0.118492056719567,0.1100730673927302,0.1021606777876116,0.0940089866920875,0.0853702711991444,0.0767777013035176,0.0688331048826714,0.0615501495620043,0.0547714337847191,0.0488001288663237,0.0644479903686317,0.0638408542449407,0.0632919616125111,0.0628034063887813,0.0623702817094173,0.0619971844225808,0.061689234636376,0.0614455792287742,0.0612661534811288,0.061165279087522
10,WEU,134.0925728085,63.39511760241599,30.400403125523773,19.337585296602036,11.73251990429948,5.681732931349928,0.9253419009285114,0.8551578358908986,0.792806044669949,0.735693356372738,0.6788274492984687,0.6203658126026161,0.5629183311640036,0.5098135205072574,0.4607885068174761,0.414577081050569,0.3736519100836281,0.4994684239361623,0.500669289772971,0.5017274433161941,0.502646656507737,0.5034692335570692,0.5041838457640915,0.50477179773193,0.5052360439315928,0.5055764812642576,0.5057692603499416
11,CEU,33.608692117575,15.90039582129413,7.6334852109945155,4.861513778384676,2.953866588828106,1.434004925240347,0.2373774193348191,0.214477914367403,0.1942679989839282,0.1757717918846612,0.1578250610695112,0.1401802318880529,0.1236553960269592,0.109081186522728,0.0963464780434075,0.0850269207000752,0.0752378180127874,0.0985586630898215,0.0967861438726088,0.0952046803119493,0.0938138597683501,0.0925753551442148,0.0915035917687943,0.0906208471062711,0.0899231115067521,0.0894092098988096,0.0891202597984251
12,TUR,18.659040551325,8.840243571375595,4.260493667105396,2.733601635770876,1.6872055453560144,0.8554661381778916,0.2017937792229797,0.1868601190588393,0.1731582641812838,0.1603659848423443,0.1473927227930686,0.1338508812149109,0.1204717912180352,0.1081334161626941,0.0969386266350574,0.0866773276169214,0.0776970202529793,0.1032307348261739,0.1028401753749587,0.1024932617206351,0.1021895682412837,0.1019186100926959,0.1016838722880057,0.1014905635871607,0.1013379230887822,0.101225397165822,0.1011620894321321
13,UKR,17.292355950599998,8.174110800211965,3.916585575525848,2.486338414221952,1.5014193194608352,0.7167973627341971,0.0992793231873323,0.0898299189937533,0.0816885564083812,0.0744085446228455,0.067386891381154,0.0604066499721706,0.0537486392794103,0.0477487170734572,0.0423940473246285,0.0375468028942562,0.0333245338345558,0.0438094400858211,0.0431852961955078,0.0426265952194607,0.0421337052873781,0.0416952816466369,0.0413163742105474,0.0410041235087393,0.0407571239051634,0.0405752845072661,0.0404731447642327
14,STAN,20.772415610775,9.82249100817486,4.713053329697785,3.0012203067820598,1.8247422645598916,0.8885271043517536,0.1520574908571217,0.1394434940249827,0.1279960080066963,0.1175489188866137,0.1072593846126465,0.0967962110158821,0.0866452011407851,0.0774008783317404,0.0691250973175955,0.0616452756820155,0.0551367327563321,0.073070785147427,0.0726018835742975,0.0721867017488609,0.0718243703977831,0.071500813368638,0.0712201255773032,0.0709889939158704,0.0708067460262844,0.0706722746596766,0.0705965812139891
15,RUS,80.41940590499999,37.95144780230303,18.12547832104485,11.45005950211104,6.850669082449965,3.1883582084516617,0.3077950612007221,0.281028602519648,0.257660426654586,0.2366512368685266,0.2161553632753206,0.1954462369114785,0.1753847258050252,0.1570655499108207,0.1405106514138184,0.1253433144092642,0.112068114905962,0.1484994550284097,0.1475541184938487,0.1467092800715395,0.1459636066032254,0.1453017921118791,0.1447279467191956,0.144256145740429,0.1438822036678738,0.1436078141905238,0.1434530648248344
16,ME,85.90301431425,40.61755357556056,19.49976305105694,12.442470206394884,7.607540635714432,3.771451916798212,0.764201896516736,0.7266091484867013,0.6898529419020899,0.6529656759470414,0.6120791682427579,0.5659528881698123,0.5179038488020453,0.4719865503002474,0.4288879183657452,0.3880295909136808,0.3517949154388057,0.4730962831959527,0.4769752624605486,0.4804503106421316,0.4835181163154722,0.4862459985077896,0.4886026951448977,0.490545131879365,0.4920814592567959,0.493211576784876,0.4938477678327708
17,INDIA,118.91170795725,56.93066763137911,28.076140406594774,18.70301045700793,12.375876512328912,7.377350363238757,3.464981641562091,3.234370846945281,3.0152028361704986,2.801799609061196,2.578569824469573,2.3416194446708256,2.1039733855224614,1.8810665644122904,1.6757413922361206,1.485666762785832,1.3187197224450176,1.7344749792773873,1.7110639442242637,1.68996279887389,1.6712303536399744,1.6546091194327155,1.6402633820492354,1.6284478890882,1.6190815300241763,1.6121919399251474,1.6083270512775574
18,KOR,33.5932350813,15.859523758707398,7.581217364282749,4.795823552397303,2.8762287167595484,1.34610469768787,0.1406936182034415,0.1247990113957082,0.1108349931454013,0.0984545802516689,0.0869258858824559,0.0760018709853273,0.0660144029497844,0.0573172151105682,0.0498245441278267,0.0432864340122566,0.0376776826541311,0.0484586545476228,0.0466870089809022,0.0451032342053232,0.0437077307180809,0.042465776369065,0.0413919412632563,0.0405071654427303,0.0398076709442986,0.0392925612084269,0.0390029546946457
19,CHN,487.7444247074999,230.49126476196665,110.40199624131044,70.05709654128002,42.26175359817213,20.09793849634236,2.6267368359599934,2.322463558843581,2.054721863807989,1.8172047485046183,1.596438232763739,1.3878379636725429,1.1968062391040348,1.0296486286650186,0.8866840835791362,0.7644383936919691,0.6605983800096926,0.8422726399198418,0.8037303463998958,0.769338797068591,0.7390860595375941,0.7121469295982483,0.6888412821074934,0.6696415370857393,0.6544646356292522,0.6432884153965777,0.6370047651486669
20,SEAS,64.83263328675,30.78620770954725,14.91002403723859,9.641820162306958,6.03836663570779,3.1735045816520646,0.920461190975466,0.84843614236006,0.7828936623168535,0.7218542415720127,0.6604836413902481,0.5972004692403802,0.5352286892160194,0.478365328349038,0.426956890009103,0.3799888433864566,0.3389377133741289,0.4479846539199372,0.4440072926114653,0.44044879685446,0.4373099046749807,0.4345167821819352,0.4321036895620239,0.430114605493908,0.4285423332804186,0.4273833848254046,0.4267323674900084
21,INDO,70.00881366149999,33.127386100415066,15.919355884186425,10.16269258899086,6.2085664433866885,3.0608338202424075,0.583230733290791,0.532742330169119,0.48665166676888,0.4438090966597385,0.4014764305171207,0.3589279846504112,0.3181395658110976,0.2812895495389629,0.2484205285094456,0.2187804617703041,0.1930090091478253,0.2520854860192911,0.2468628699933591,0.2421812714135282,0.2380455986612462,0.2343690216563545,0.2311916979151018,0.228573521887646,0.226503018418706,0.2249788233446616,0.2241219104457302
22,JAP,45.58412731049999,21.535202218979244,10.306675888299951,6.530642178242801,3.9283998060934673,1.8542066571391045,0.2206919204036813,0.1969815237725386,0.1764612524744287,0.1580931733298456,0.1407389140902093,0.1240703589692864,0.1085526942906185,0.0947431673617263,0.0826261453951088,0.0719176516768703,0.0626865541455075,0.0807703253071149,0.0779809516873321,0.0754833849495183,0.0732792040777417,0.0713188958656446,0.0696247558408757,0.0682286542870939,0.0671246023734294,0.0663116112277844,0.0658546064065132
23,OCE,16.6300583409,7.850600120797249,3.754340529321099,2.3788457410573463,1.433495335360287,0.6823280336532963,0.0929164653521792,0.088514080860376,0.0843902402109116,0.0802788929765665,0.0756742288044788,0.0704017106386291,0.0648180628172256,0.0593784584357775,0.0541056089162123,0.0489190555216434,0.044252533426711,0.0594096420121504,0.0598232798234584,0.0601856744757025,0.0604990711144403,0.0607798163047989,0.061024214547967,0.0612251391636949,0.0613835886789841,0.0615004158132717,0.0615660446631292
24,RSAS,17.8566876351,8.757463540702817,4.547813197253837,3.276075292894254,2.4583101124633533,1.827893008171093,1.3445066220239508,1.267548169362892,1.1937901904472004,1.121719994631232,1.0451109770808713,0.9620506221224006,0.877501406930055,0.7976120272388638,0.7230903705992417,0.652686665656733,0.5903205269536707,0.7919138063569954,0.7965259740673688,0.8006481172851271,0.8042816327917989,0.8075141758114946,0.8103091493987903,0.81261154967722,0.8144335057234869,0.8157738878754133,0.8165267317781559
25,RSAF,33.6769856712,15.976953521959704,7.734857918573758,5.012586128117172,3.16479745048598,1.7085408010021277,0.5752507120628555,0.5580745275948122,0.5405845273464959,0.522199096848867,0.4996078475660475,0.4714318257338011,0.4402169969716541,0.4092622672248344,0.3787975443602508,0.3482557131521606,0.3205781033286147,0.4379509826649524,0.4482518960493133,0.4574675226820543,0.4655942228467494,0.4728244775364608,0.4790751353266895,0.4842244021482753,0.4882967105560125,0.491295534922792,0.4929810540767658
0,CAN,0.2109258032710912,0.1592122443710489,0.1232777489028585,0.1131857966350023,0.1069469385863995,0.1013552959886102,0.0959603598129864,0.0908827745691096,0.0862936021662836,0.0818770773147315,0.0770712892444373,0.071661039153705,0.0659846643811484,0.0604835469815184,0.0551567905343554,0.0499073689451957,0.0451800537588947,0.0607019743879739,0.0611707117777333,0.0615822943684984,0.0619389768955192,0.0622583773570307,0.0625361432153069,0.0627644797763422,0.0629446342287738,0.06307733733086,0.0631521547130304
1,USA,1.9113546284160936,1.42772416936825,1.0961425520657826,0.9995836475386112,0.9378926984011572,0.8812405649552335,0.8268934269210472,0.7770940267432389,0.7336188183388822,0.6936379560492074,0.6515649920451992,0.6049302605075163,0.5565603465715285,0.5103485788527544,0.4667772025521018,0.4250968086173338,0.3879931778618158,0.5253509260009472,0.5331099444741517,0.540072591587541,0.5462291780274634,0.5517012930101125,0.556426181597175,0.560321401532822,0.5634026555928323,0.5656708464573432,0.5669454032049287
2,MEX,0.6966358341434318,0.523481462909572,0.4026475403209837,0.3666048329365068,0.3424780149957295,0.3195153058445232,0.2964436825196715,0.2740237539474497,0.2535885067877654,0.23478861387019,0.2161247099796994,0.1970082154576873,0.1782032138202461,0.16077013944521,0.1448682551443401,0.130228416882481,0.1173946581963219,0.1568905397887202,0.1571909445731521,0.157469351422225,0.1577207734727602,0.1579426664539417,0.158132578184162,0.1582901280421866,0.1584143561157829,0.1585059929228846,0.1585572830630924
3,RCAM,0.5209713072363027,0.3898219397654186,0.2986792511050668,0.2710556998156506,0.2525023744032648,0.234972126677413,0.2175220786381403,0.2006921502949316,0.1854030723078622,0.1713312480160694,0.1573170921706442,0.1429250420513054,0.1288141273209681,0.1158252384234651,0.1040257514868381,0.0931766814200742,0.0836684560451188,0.1113718461574519,0.1111553115512934,0.1109644537197654,0.1107986842494128,0.1106504168592107,0.1105215742533351,0.1104154765233356,0.1103318968212525,0.1102702348290813,0.1102354841425521
4,BRA,1.1767879596066464,0.8731409813449865,0.6635877937829838,0.5972425761162787,0.5517453413220957,0.5092378246775993,0.4674720617207092,0.4274382657680419,0.3909128508989297,0.3570934723463543,0.323590785385678,0.2896615787602402,0.2569448744728711,0.2272938883801931,0.2008450054598485,0.1770448929708813,0.1563735736499016,0.2044840913127837,0.2004829512104183,0.1969000209004643,0.1937386690253458,0.1909270285906615,0.1884969007477545,0.1864940350281731,0.1849111596965419,0.1837446015552235,0.1830891025839559
5,RSAM,1.2242126656333,0.9189503773974146,0.7064378388273084,0.6432312513149732,0.6011588814794657,0.5612107841952264,0.5212404774792379,0.4825776206848378,0.4472106032498061,0.4142096909155685,0.3807985930994511,0.3460049484732302,0.3116177156363423,0.2798211729248259,0.2508440944884834,0.2241527994827399,0.2007453964279837,0.2664878098955139,0.2652746737381898,0.2641885804432301,0.2632309313136631,0.2623789494424592,0.2616418120004323,0.2610353807141759,0.2605550686999306,0.2602015829486434,0.2600033824160973
6,NAF,1.0788353185841952,0.8179038999624594,0.6340943414523713,0.5818586606895036,0.5479902577858092,0.5156225902953999,0.4825393896806267,0.4497445906929309,0.4191292221791683,0.3899386213102255,0.3597470774113506,0.3278232511904795,0.2961245282865233,0.2668826898815509,0.2402038774604809,0.2154836551049342,0.1937473090276602,0.2582793592406821,0.2581700943798895,0.2580732101805362,0.2579911230867681,0.257915611091274,0.2578517071017371,0.2577975877960059,0.2577559934919775,0.2577243124068072,0.2577076654012246
7,WAF,2.9604804365636794,2.377266341710309,1.952015271842736,1.8953146876868625,1.8857813571934767,1.8706395871425905,1.8400679554356176,1.7967612402910118,1.7503787469471337,1.7000035086942449,1.6349884012093592,1.550457285650065,1.45396110428605,1.3561798435451875,1.2591408330083034,1.1618875623238605,1.0738281409550363,1.472613526569124,1.5124645854023748,1.548180203223917,1.5797304339181126,1.607781990535183,1.6320250455097465,1.6519954739476177,1.667795176621646,1.679432140346416,1.685961204931835
8,EAF,1.8391543227598872,1.4695103368428422,1.1985986618525564,1.1546484650973317,1.1388460538308889,1.1194116702737968,1.0919167834341608,1.058840695642283,1.0250148362358682,0.9891271904352832,0.9451987495244226,0.8908070450980966,0.8303105468715889,0.7697437615365983,0.7102633266530677,0.6513205855467731,0.598167244440591,0.8152147809431107,0.8324797950657585,0.8479307617023454,0.8615642624383383,0.8736906057650679,0.8841697734835007,0.8928057342586916,0.8996360724904793,0.9046648847109018,0.9074910862582628
9,SAF,0.3076360364364712,0.2294990915773741,0.1754151951655431,0.1588670039394601,0.1478363191456792,0.1376591964136266,0.1277911732751328,0.118492056719567,0.1100730673927302,0.1021606777876116,0.0940089866920875,0.0853702711991444,0.0767777013035176,0.0688331048826714,0.0615501495620043,0.0547714337847191,0.0488001288663237,0.0644479903686317,0.0638408542449407,0.0632919616125111,0.0628034063887813,0.0623702817094173,0.0619971844225808,0.061689234636376,0.0614455792287742,0.0612661534811288,0.061165279087522
10,WEU,2.379456625562074,1.7395605209341871,1.3084727856893792,1.17156314454845,1.0815336414681165,1.001198966082238,0.9253419009285114,0.8551578358908986,0.792806044669949,0.735693356372738,0.6788274492984687,0.6203658126026161,0.5629183311640036,0.5098135205072574,0.4607885068174761,0.414577081050569,0.3736519100836281,0.4994684239361623,0.500669289772971,0.5017274433161941,0.502646656507737,0.5034692335570692,0.5041838457640915,0.50477179773193,0.5052360439315928,0.5055764812642576,0.5057692603499416
11,CEU,0.7030376392290586,0.5030280433731474,0.3699213579509036,0.3231989932565495,0.2909505907517982,0.2628746957047919,0.2373774193348191,0.214477914367403,0.1942679989839282,0.1757717918846612,0.1578250610695112,0.1401802318880529,0.1236553960269592,0.109081186522728,0.0963464780434075,0.0850269207000752,0.0752378180127874,0.0985586630898215,0.0967861438726088,0.0952046803119493,0.0938138597683501,0.0925753551442148,0.0915035917687943,0.0906208471062711,0.0899231115067521,0.0894092098988096,0.0891202597984251
12,TUR,0.4722361009183633,0.35477086572043,0.2728671221996933,0.2485597810867725,0.2324262341754931,0.2171378757182699,0.2017937792229797,0.1868601190588393,0.1731582641812838,0.1603659848423443,0.1473927227930686,0.1338508812149109,0.1204717912180352,0.1081334161626941,0.0969386266350574,0.0866773276169214,0.0776970202529793,0.1032307348261739,0.1028401753749587,0.1024932617206351,0.1021895682412837,0.1019186100926959,0.1016838722880057,0.1014905635871607,0.1013379230887822,0.101225397165822,0.1011620894321321
13,UKR,0.309223371542271,0.2170198556293553,0.157338399851846,0.1362737685973505,0.122092282221795,0.1100215599816146,0.0992793231873323,0.0898299189937533,0.0816885564083812,0.0744085446228455,0.067386891381154,0.0604066499721706,0.0537486392794103,0.0477487170734572,0.0423940473246285,0.0375468028942562,0.0333245338345558,0.0438094400858211,0.0431852961955078,0.0426265952194607,0.0421337052873781,0.0416952816466369,0.0413163742105474,0.0410041235087393,0.0407571239051634,0.0405752845072661,0.0404731447642327
14,STAN,0.3773241777779084,0.2808137258564201,0.2137855574875888,0.1927189823788262,0.1784101373156918,0.1651336959279938,0.1520574908571217,0.1394434940249827,0.1279960080066963,0.1175489188866137,0.1072593846126465,0.0967962110158821,0.0866452011407851,0.0774008783317404,0.0691250973175955,0.0616452756820155,0.0551367327563321,0.073070785147427,0.0726018835742975,0.0721867017488609,0.0718243703977831,0.071500813368638,0.0712201255773032,0.0709889939158704,0.0708067460262844,0.0706722746596766,0.0705965812139891
15,RUS,0.8843923494707966,0.6320403761420637,0.4650189883108227,0.4080617101730994,0.3701072718138375,0.3374691612284626,0.3077950612007221,0.281028602519648,0.257660426654586,0.2366512368685266,0.2161553632753206,0.1954462369114785,0.1753847258050252,0.1570655499108207,0.1405106514138184,0.1253433144092642,0.112068114905962,0.1484994550284097,0.1475541184938487,0.1467092800715395,0.1459636066032254,0.1453017921118791,0.1447279467191956,0.144256145740429,0.1438822036678738,0.1436078141905238,0.1434530648248344
16,ME,1.4682570661294063,1.144857472681643,0.9117816844190166,0.8592031178628938,0.829955041608922,0.799304938137542,0.764201896516736,0.7266091484867013,0.6898529419020899,0.6529656759470414,0.6120791682427579,0.5659528881698123,0.5179038488020453,0.4719865503002474,0.4288879183657452,0.3880295909136808,0.3517949154388057,0.4730962831959527,0.4769752624605486,0.4804503106421316,0.4835181163154722,0.4862459985077896,0.4886026951448977,0.490545131879365,0.4920814592567959,0.493211576784876,0.4938477678327708
17,INDIA,7.6833381856362575,5.81838353279104,4.512605368905471,4.148265298820523,3.9165161371308126,3.694479545862141,3.464981641562091,3.234370846945281,3.0152028361704986,2.801799609061196,2.578569824469573,2.3416194446708256,2.1039733855224614,1.8810665644122904,1.6757413922361206,1.485666762785832,1.3187197224450176,1.7344749792773873,1.7110639442242637,1.68996279887389,1.6712303536399744,1.6546091194327155,1.6402633820492354,1.6284478890882,1.6190815300241763,1.6121919399251474,1.6083270512775574
18,KOR,0.4166352795735453,0.3014410034741025,0.223479877855484,0.1961416339679632,0.1763977484582583,0.1580649425058894,0.1406936182034415,0.1247990113957082,0.1108349931454013,0.0984545802516689,0.0869258858824559,0.0760018709853273,0.0660144029497844,0.0573172151105682,0.0498245441278267,0.0432864340122566,0.0376776826541311,0.0484586545476228,0.0466870089809022,0.0451032342053232,0.0437077307180809,0.042465776369065,0.0413919412632563,0.0405071654427303,0.0398076709442986,0.0392925612084269,0.0390029546946457
19,CHN,7.922945415214253,5.7256726067808215,4.232762872579181,3.699662013610953,3.3132793627807886,2.9593740416225947,2.6267368359599934,2.322463558843581,2.054721863807989,1.8172047485046183,1.596438232763739,1.3878379636725429,1.1968062391040348,1.0296486286650186,0.8866840835791362,0.7644383936919691,0.6605983800096926,0.8422726399198418,0.8037303463998958,0.769338797068591,0.7390860595375941,0.7121469295982483,0.6888412821074934,0.6696415370857393,0.6544646356292522,0.6432884153965777,0.6370047651486669
20,SEAS,2.203621867569407,1.6522660972707774,1.267688592069908,1.150960954509481,1.0716000658513585,0.9957925822481568,0.920461190975466,0.84843614236006,0.7828936623168535,0.7218542415720127,0.6604836413902481,0.5972004692403802,0.5352286892160194,0.478365328349038,0.426956890009103,0.3799888433864566,0.3389377133741289,0.4479846539199372,0.4440072926114653,0.44044879685446,0.4373099046749807,0.4345167821819352,0.4321036895620239,0.430114605493908,0.4285423332804186,0.4273833848254046,0.4267323674900084
21,INDO,1.4556822911878915,1.0835895636305428,0.8256856890861234,0.7450086476826414,0.6893085677133911,0.6360470969013897,0.583230733290791,0.532742330169119,0.48665166676888,0.4438090966597385,0.4014764305171207,0.3589279846504112,0.3181395658110976,0.2812895495389629,0.2484205285094456,0.2187804617703041,0.1930090091478253,0.2520854860192911,0.2468628699933591,0.2421812714135282,0.2380455986612462,0.2343690216563545,0.2311916979151018,0.228573521887646,0.226503018418706,0.2249788233446616,0.2241219104457302
22,JAP,0.7024404350929103,0.4973706291354516,0.3614227904898722,0.3121127898843734,0.2776410390739827,0.2476273301540179,0.2206919204036813,0.1969815237725386,0.1764612524744287,0.1580931733298456,0.1407389140902093,0.1240703589692864,0.1085526942906185,0.0947431673617263,0.0826261453951088,0.0719176516768703,0.0626865541455075,0.0807703253071149,0.0779809516873321,0.0754833849495183,0.0732792040777417,0.0713188958656446,0.0696247558408757,0.0682286542870939,0.0671246023734294,0.0663116112277844,0.0658546064065132
23,OCE,0.1906448624344371,0.1460556444898156,0.1145931357443439,0.106522764843132,0.1017867579773658,0.0973885624735841,0.0929164653521792,0.088514080860376,0.0843902402109116,0.0802788929765665,0.0756742288044788,0.0704017106386291,0.0648180628172256,0.0593784584357775,0.0541056089162123,0.0489190555216434,0.044252533426711,0.0594096420121504,0.0598232798234584,0.0601856744757025,0.0604990711144403,0.0607798163047989,0.061024214547967,0.0612251391636949,0.0613835886789841,0.0615004158132717,0.0615660446631292
24,RSAS,2.7575928893382025,2.123658394172097,1.672705610394037,1.5579127292559949,1.4879152601839214,1.4188558585821966,1.3445066220239508,1.267548169362892,1.1937901904472004,1.121719994631232,1.0451109770808713,0.9620506221224006,0.877501406930055,0.7976120272388638,0.7230903705992417,0.652686665656733,0.5903205269536707,0.7919138063569954,0.7965259740673688,0.8006481172851271,0.8042816327917989,0.8075141758114946,0.8103091493987903,0.81261154967722,0.8144335057234869,0.8157738878754133,0.8165267317781559
25,RSAF,0.9634521306721082,0.7695368226684328,0.6282569716481392,0.6062430477508188,0.598934624330496,0.5893552004050977,0.5752507120628555,0.5580745275948122,0.5405845273464959,0.522199096848867,0.4996078475660475,0.4714318257338011,0.4402169969716541,0.4092622672248344,0.3787975443602508,0.3482557131521606,0.3205781033286147,0.4379509826649524,0.4482518960493133,0.4574675226820543,0.4655942228467494,0.4728244775364608,0.4790751353266895,0.4842244021482753,0.4882967105560125,0.491295534922792,0.4929810540767658
0,CAN,0.5514093619879279,0.5708147068823725,0.6023912506269917,0.6357116393191946,0.6520971147888159,0.630957017462761,0.6120644663508348,0.6318286006967445,0.6733464347915008,0.7106474733918716,0.7312567270857218,0.7300839055197442,0.7188947559182459,0.7132532658338605,0.7284773918228549,0.7757061070537583,0.8416727258974508,0.7788641250214456,0.8047854337372908,0.8281996047213834,0.8490337547141995,0.8667830403214336,0.8814321008506242,0.8930976404457451,0.9019174238441344,0.9078804948463765,0.9103807405902888
1,USA,5.330046562878019,5.142966850028306,4.964565776834599,4.860527737126469,4.84804202944054,4.919193401251598,4.987600229622524,5.033830119888895,5.048102322709753,5.02820559543333,4.9900992160077,4.958198336447712,4.971051471623301,5.05356210436659,5.163794831466581,5.258183698132422,5.346913777738957,5.364844958769079,5.432562865656217,5.489500954030082,5.536794675531037,5.577445853913426,5.611265230228833,5.637572762320887,5.656904558723264,5.669584628555107,5.674232711890932
2,MEX,0.5794698718970128,0.6052482843342227,0.643271881081797,0.7028661385892049,0.7562032907527885,0.7828882391400112,0.800440868625949,0.8290743998743475,0.8694900352682844,0.9164683732251678,0.9588916502261235,0.9878792488381554,1.0092138276461948,1.032555727862692,1.069893789120624,1.1308062349989616,1.206942696797893,1.1763036115827823,1.2183287571714552,1.2551638647105008,1.2871230346044928,1.3145166325369135,1.3372802222038376,1.355374982344364,1.3690412258191451,1.3783443348624955,1.382298689423023
3,RCAM,0.3094751240870643,0.3332234404504589,0.3589582341004283,0.3849289617222671,0.4161867681457492,0.4653847116075675,0.534869979688131,0.6209879576420938,0.7113567731509446,0.7943450548021074,0.8676511087943845,0.9323600952927956,0.9936852435578164,1.056517909178191,1.122084382887646,1.1928585773797753,1.2720689236636034,1.2285000972643154,1.2740012475068057,1.3130300707016715,1.3463014644218454,1.3751064036487262,1.3992875608363984,1.4185100324016582,1.4330221767742453,1.4429117248844312,1.4470896816588543
4,BRA,1.55724469429536,1.6093939378582216,1.7059053904061758,1.897721499319709,2.09645697172882,2.193076658267305,2.138247535428324,1.9329854974726275,1.678418167846446,1.4934005047314294,1.4606624770316947,1.5979268177426502,1.706784432580978,1.618218438530488,1.4799107951350798,1.463969906326541,1.516710813554157,1.4797200600153382,1.474980151384504,1.475816100112659,1.480690737905874,1.4834373547430515,1.4844549311398234,1.485326753509021,1.485917444631758,1.4857432576895906,1.4845894265895885
5,RSAM,1.3688352426989925,1.5486166836842206,1.6481938872151476,1.6504281285113067,1.7168886975629134,1.9560660569968,2.1471570427132964,2.09152418999418,1.957983608171372,1.948506331253792,2.0356151156129285,2.1408581518384024,2.209804765400183,2.21408041304571,2.204930677682139,2.2371427150479044,2.295681740041102,2.258308643118443,2.2815012869604923,2.3023293080648117,2.320949982661741,2.3363308168752432,2.348553603847077,2.357924303248861,2.3646092569689614,2.368518820411593,2.368934644611827
6,NAF,0.5789739027062941,0.6619864796725838,0.7296948541829694,0.7785538536324598,0.8066975804821702,0.8231284183863871,0.8565796532921682,0.9294519773850676,1.0251599391861086,1.120378561908085,1.200738285233509,1.259814841673884,1.312539854463748,1.374616490406851,1.446786608205376,1.5274419444427922,1.6154350160234694,1.6327337696744753,1.6961992648438715,1.7500060800790338,1.7949903018820716,1.832774041808037,1.8632697098193984,1.8861994941125169,1.902058962653249,1.9111008561491567,1.9119258057858968
7,WAF,1.778609182634482,2.729656209861953,3.228796602427669,2.959454656376016,2.5476924826070224,2.597784678438079,2.6599475643524286,2.264963233257021,1.9191110531295936,2.1806279136883044,2.85151025016368,3.6107664739033143,4.383993115895248,5.16317168934702,5.958084345428984,6.778954868948154,7.619432352865099,8.397917649998279,9.157384327158123,9.806463001154205,10.357377524205292,10.829271931533654,11.2217462054676,11.53192067165026,11.764956365952488,11.923676989681075,11.992058461854183
8,EAF,0.2797764501014875,0.4618776663677437,0.5964089750435652,0.6218451698251141,0.591679930025937,0.575396348668156,0.5840265801150398,0.6165131232730059,0.6830632856930324,0.7974036168619715,0.97676473909055,1.234537820267806,1.5662371599198417,1.9528655875902925,2.335206055891301,2.665578544616896,2.9743480947956185,3.240882492070289,3.5267498701290987,3.768009366208664,3.970411639082041,4.1442291648294205,4.289119997843832,4.4032034141486704,4.488602749304864,4.546438652388273,4.570784287518859
9,SAF,0.5112410167320932,0.565684893958245,0.588401160457658,0.5983167663016455,0.61534332345596,0.658002673971987,0.7107858156902971,0.752642392484017,0.7794249227491274,0.7925916100368219,0.7981798164258418,0.8025381645362357,0.809129420109782,0.8200133073798784,0.8358884222648731,0.8579443176500359,0.8858875943743652,0.8384719422943421,0.8468436420892023,0.8540811012480911,0.8602561258915624,0.8655331060156021,0.86982654968854,0.8730257387650235,0.8751540337790107,0.8761989206966976,0.8758706334069702
10,WEU,3.102055765359893,2.97467231189976,2.867128696065103,2.804849686395517,2.8513090835982524,3.016226377047478,3.251300897987212,3.4902061863916307,3.677386568116401,3.783787942356241,3.8722790057907672,3.998366606769941,4.09649635847049,4.107788517656339,4.122771153091448,4.236834713082496,4.4066952019755,4.454312799258519,4.560261573866077,4.655515440703459,4.740181275695845,4.812442206208416,4.872436910716467,4.920758714130206,4.958086916235874,4.9844118322907525,4.997360431609369
11,CEU,0.7918239870746179,0.779405822942711,0.7702789573613358,0.7934413264394835,0.8298299937397573,0.8560739419682902,0.8783846967157404,0.9035535616096124,0.92399521363685,0.9319113937260436,0.9304446440371584,0.9235844631279762,0.9078493299352614,0.8823535376981302,0.8662463787263641,0.8779919523170572,0.9066697287445576,0.8260284908080281,0.8220889875204179,0.8197564206747319,0.8186678696378236,0.8177112543667865,0.8168459758394373,0.8162247272463596,0.8157357695816501,0.8152246137761618,0.8145809242122095
12,TUR,0.4461454913552229,0.5110125308572516,0.552967391389663,0.572890274541708,0.5801883037900065,0.5962439334428203,0.6261867427888954,0.6673994484309995,0.7087900756420406,0.7407339714927873,0.765545437395046,0.7882761708237898,0.8135062518325624,0.8430852873377748,0.8699799503566312,0.8893668505069212,0.9084815082443172,0.8376099214185843,0.8373725396191944,0.8365150410708109,0.8352585595892873,0.8342435409880391,0.8333720981954109,0.8324201911528473,0.831374531542163,0.8302443713132686,0.8289129969348152
13,UKR,0.4069525390789449,0.4128646297674082,0.4293799016099843,0.4792427614543231,0.5242910588887141,0.5376532166933796,0.5424508592334154,0.5622044470043178,0.5810885194018235,0.581257051613585,0.5728190392668809,0.5695476214486364,0.5718401344164661,0.5776430200670661,0.5900810707548818,0.6131232168165948,0.6441850298704425,0.5954271814368215,0.6048300523415695,0.6134557797138243,0.6212592255907405,0.6281622677779364,0.6340655683487239,0.6388822153658062,0.6426087094203254,0.6451996128962041,0.6463371391330199
14,STAN,0.4870059220353908,0.5337803095594325,0.5693884977628128,0.5840957930248344,0.5737867579064702,0.5482481051103457,0.5380966844623996,0.5633933052407143,0.5899371527322528,0.588977671117303,0.6035983902974575,0.6723691585501751,0.7455041681481503,0.7709858889014833,0.7722240615794788,0.783349937708143,0.8038166946782693,0.7578959049858979,0.7586959376797691,0.7597011593114218,0.7608540783873753,0.761741477628207,0.7623593201410594,0.7627867896033483,0.7630079950364577,0.762969475069172,0.7625515419117392
15,RUS,1.8585223601302208,1.9884744812208583,2.046129604753779,2.082808648266372,2.075534437487521,2.0467852616678117,2.019229623831796,2.010114542531648,2.0309035223119656,2.0786711757207184,2.095795088842745,2.0385065334946733,1.970096255353752,1.9565576167524243,1.9694600314785085,1.9695795183928853,1.963800511676608,1.8760801404689496,1.8562143606000103,1.837419405490059,1.8200748564478937,1.805029528489437,1.792279700110996,1.7816295286521366,1.7729889786059707,1.7663882771047057,1.7621333594537372
16,ME,1.977801168752976,2.104734192527404,2.213303570937421,2.390708491079202,2.5784064969472245,2.7323226995366885,2.879217011472242,3.047915935196121,3.2151944309237144,3.353069641155817,3.464349355629148,3.563414581764416,3.678691614438328,3.8299588943784633,3.9912852658208826,4.136382441212987,4.277371191654448,4.369562894989058,4.4927046166951925,4.596543969681023,4.683379002107028,4.757688614788162,4.81930565384769,4.867352952167578,4.902780239039233,4.926087632580595,4.934543402000878
17,INDIA,2.719362144858511,3.4068886783796146,4.019306370222896,4.536879343178174,5.092083968404561,5.808893731842741,6.614021854854794,7.411003228542472,8.198249421841306,8.972299602534994,9.632825063307392,10.100002231533823,10.457081020579048,10.791003761185475,11.057787540351631,11.212518177377495,11.327489986005515,11.416580055029517,11.546130373284283,11.646100749091287,11.721554744064893,11.782840534199636,11.829459158269712,11.858993155351545,11.872826124512263,11.871721642401278,11.85185118069602
18,KOR,0.7987592283859791,0.8626842838400811,0.8939120055475432,0.8901242657835841,0.8734747326846635,0.8537142306891948,0.8344591727903771,0.8132407542152059,0.789509235348892,0.7636239591338887,0.7351522794757521,0.7044126786590426,0.6764969156074101,0.6569415525785222,0.6498913138794958,0.6586092685884521,0.6779094344639598,0.5784525433578446,0.5679715638894167,0.5598654771314613,0.5537127452704952,0.5487809800462876,0.5448901928300864,0.5419382334196978,0.5396842846850374,0.537917435925879,0.5365510383257184
19,CHN,11.150064909423246,12.405745558140364,13.030088813643916,13.066701091041912,12.95323749568042,12.708476088297513,12.331494667784517,11.80253521576001,11.151819286898212,10.411041836899631,9.59302892814975,8.727452879141325,7.920973928206982,7.277883082349276,6.816355752291972,6.516001870899495,6.2819907724591735,5.925162706520808,5.635211044742713,5.386081316968538,5.174368748759424,4.988529575862279,4.829548598957435,4.700300587269536,4.5989797799160685,4.524200540968123,4.4810119302016105
20,SEAS,1.488818759588249,1.801313304175435,2.061310580211817,2.2095138483944456,2.258422495239966,2.2557648587656574,2.286718782619228,2.410988987867724,2.56043734598252,2.6666263578032585,2.775906427068099,2.928939625931729,3.0376718307886827,3.0303366753417103,3.0169399636423453,3.110492390596838,3.2625360169437063,3.3315069523530862,3.425820550327655,3.5083065108174147,3.579178024494772,3.636520180399292,3.680605658768644,3.712213907013857,3.732153428466893,3.740530430978308,3.735061482948304
21,INDO,1.605877421495039,1.7118241509343213,1.7750820660751048,1.8533699526750105,1.8936095914987212,1.861912240642229,1.8255073310445704,1.851000411349434,1.9168073727584616,1.9835505556458048,2.0224664999537323,2.019874746302228,2.0092029816148127,2.023753468459208,2.0552609809118807,2.090618828525698,2.1311918754170085,2.090357936447118,2.110349875284034,2.126009347901449,2.137868683661632,2.1469196246163844,2.152997811278897,2.155769566913573,2.155376618277512,2.151859628795214,2.144438372893358
22,JAP,1.0834086389918287,1.04306658068942,1.0129945941916882,0.9933821247935344,0.9859550703935472,0.9931993529313444,1.009241340884187,1.0281596586388662,1.038954157980083,1.0330890520910596,1.0134358351428985,0.9869678091217652,0.9669605947198858,0.9641751829625932,0.9745171596418418,0.9929089904661426,1.0185292854356454,0.9293947193463163,0.9274188567050484,0.9263023826461472,0.925826489918972,0.925840692227192,0.9261164390935904,0.9263888372677408,0.9264711527573872,0.926198229680004,0.9252934498517776
23,OCE,0.4228300246280146,0.415810661611972,0.4235742621402711,0.4826754273933606,0.5455532589258413,0.5827563444436419,0.5808314501691051,0.5460924984553066,0.5285573299380498,0.5673406965169894,0.609699300784844,0.6033325147010152,0.5860173065413823,0.6034396650554542,0.6437029709743013,0.6873241953804816,0.7347301902919001,0.669055291632319,0.6889730268937461,0.7060131725697195,0.7204176592096121,0.7329189557762246,0.7434119644806642,0.7516679558165454,0.7578034185227218,0.761881916824858,0.7634430072114363
24,RSAS,0.4109302117361598,0.5425388637303481,0.6785662847008044,0.8142123187024272,0.9633388429896552,1.1453630162879476,1.3736993870011354,1.651802014821671,1.9513475810748564,2.246493586103751,2.550588569935943,2.8814461931360715,3.2362318522052327,3.609623258529896,4.005488762162784,4.427434782195375,4.867249479266866,5.266347192525826,5.658401561152035,5.9944985994102575,6.280320800663247,6.525234394512792,6.729072717420137,6.890373052025186,7.011956709564611,7.0951093065293405,7.131685289231297
25,RSAF,0.7729722859057339,0.7184362107215229,0.7922909175953309,1.1436381650191425,1.4434955691417737,1.374644520714106,1.1246485361448402,0.9592637874069828,0.9356412566671964,1.048063431059529,1.2545851173905498,1.505255210412511,1.7537569863694271,1.970378514555258,2.184276976142237,2.4281129507440613,2.690606319608178,2.8929399964327005,3.109321879196516,3.293954972116329,3.4507036691885635,3.584432039445648,3.695178568845675,3.782342662865939,3.847486367343093,3.8912655058850896,3.909032633912996
